0
0
0
0
0
0
0
0
0
0
5
0
0
0
15
13
13
6
9
8
8
9
11
11
11
11
11
18
9
12
10
24
30
24
23
26
26
25
75
30
27
35
23
26
23
28
26
38
57
23
24
30
27
25
44
45
45
46
63
47
48
53
48
49
55
66
66
48
50
58
57
58
51
70
51
60
50
59
69
70
59
51
60
51
52
89
50
51
52
81
54
82
54
54
61
54
144
96
106
106
139
107
99
99
121
99
112
99
101
100
112
110
110
112
112
113
114
110
102
110
103
109
147
105
117
113
112
107
107
106
115
150
116
116
107
105
114
116
132
109
132
119
120
121
110
239
121
134
111
122
116
133
125
121
121
112
123
119
126
126
110
121
111
114
246
123
125
112
122
113
166
125
248
218
206
242
244
203
245
205
257
244
244
375
256
205
208
243
243
225
242
222
246
225
223
224
207
250
364
277
236
306
469
261
267
267
321
293
290
320
288
285
293
287
323
325
269
265
270
319
329
322
264
323
319
290
390
395
288
294
271
317
289
279
269
315
270
269
325
274
293
272
463
311
260
285
275
403
275
398
331
290
276
274
327
338
277
341
338
278
283
296
296
449
276
278
280
342
334
295
329
282
301
306
344
350
337
452
279
394
284
282
335
281
334
286
335
349
290
333
308
497
337
306
346
313
294
307
310
305
335
290
357
340
294
291
418
345
294
684
457
475
628
467
606
458
462
526
455
458
561
456
468
469
615
468
466
471
489
520
478
478
580
465
537
475
474
466
525
477
476
474
476
587
485
808
472
483
614
477
474
488
477
588
535
534
483
478
534
497
623
467
586
487
478
479
482
622
475
483
587
486
500
492
503
495
484
476
534
486
499
639
636
673
486
500
489
629
601
501
536
486
677
493
602
493
658
546
499
479
563
481
603
633
498
488
488
632
654
516
500
614
497
504
848
740
488
489
491
491
492
503
659
488
488
483
555
502
512
511
492
634
630
487
497
598
550
649
497
491
503
488
497
498
484
487
502
501
481
497
488
501
489
554
545
497
703
495
515
497
563
559
493
493
647
647
504
565
487
547
501
661
559
485
508
516
501
571
618
494
517
570
643
500
522
498
562
610
496
529
533
530
522
515
571
568
620
702
653
674
550
736
521
523
522
497
905
500
519
662
506
569
516
521
512
643
523
652
662
511
509
514
618
623
619
653
620
516
513
575
517
517
510
509
503
516
519
527
507
574
660
503
587
622
504
521
583
665
524
514
621
521
716
511
540
518
583
625
624
514
516
524
540
534
796
1033
866
1065
793
898
891
798
808
1096
867
807
805
877
862
796
891
806
812
797
891
872
1007
820
1002
798
809
799
1026
874
803
1494
800
823
812
870
892
805
892
917
1013
1091
881
799
881
814
875
864
814
874
916
870
903
805
814
909
915
815
827
811
880
825
825
875
821
1024
825
813
822
812
829
812
891
817
837
894
885
831
886
912
1716
830
1087
886
831
1034
834
818
887
821
840
834
828
825
1096
884
835
829
1043
830
824
839
835
888
829
971
850
929
929
897
1048
1119
834
1037
900
839
835
1128
1049
1537
846
1041
918
1070
834
844
1059
836
829
1542
904
1037
1081
832
923
1154
828
834
919
908
904
839
927
845
837
1094
864
1149
878
843
1128
1050
867
1053
1166
1056
891
947
1055
999
874
924
923
906
850
931
915
849
912
858
1586
957
883
1156
864
844
847
848
843
928
1161
862
913
849
852
1350
855
856
852
844
850
1102
920
845
859
875
926
861
851
855
916
936
856
957
941
1062
922
1085
956
861
1081
939
934
944
851
921
841
872
865
869
861
859
852
866
861
859
853
862
1696
1077
951
859
848
867
871
965
1202
1150
849
1084
931
929
1082
864
855
853
929
854
958
1098
959
935
947
855
865
1083
954
953
933
872
922
862
862
860
926
946
856
936
861
940
860
864
851
863
851
851
928
1095
861
849
1064
1167
961
878
878
881
873
890
976
958
883
929
908
1178
902
888
880
871
1681
880
885
953
909
1139
955
1109
958
893
987
883
872
1591
883
1408
883
877
882
877
1120
1142
958
1201
959
964
969
876
882
1118
886
953
963
1123
959
882
886
1200
983
954
887
887
969
878
979
996
970
978
955
893
1219
969
893
894
975
886
952
885
1145
886
991
975
1203
1132
928
1798
1029
1005
1225
990
1115
885
1212
961
1136
885
890
897
972
962
889
884
884
1128
905
899
885
1028
1079
1122
1141
951
885
876
882
881
878
964
872
1188
1776
944
946
1192
899
954
878
976
948
1111
880
867
875
877
870
886
876
875
886
880
886
886
891
951
889
946
1311
929
989
892
908
958
1195
894
887
986
988
896