0.00012
0.000018
0.000042
0.000007
0.00001
0.000067
0.000012
0.000013
0.000013
0.000224
0.000312
0.000455
0.000024
0.000542
0.000664
0.00075
0.001309
0.000887
0.001603
0.001703
0.001684
0.002501
0.002675
0.021466
0.005012
0.001591
0.002078
0.010715
0.001252
0.001339
0.001485
0.007521
0.001543
0.002002
0.013068
0.001562
0.001623
0.003252
0.001734
0.001688
0.011208
0.001848
0.001841
0.001757
0.002604
0.00346
0.002194
0.005278
0.002802
0.003844
0.002427
0.003989
0.003772
0.003394
0.004724
0.006175
0.005256
0.006185
0.005076
0.006113
0.007972
0.007704
0.007327
0.00644
0.008315
0.005325
0.004211
0.004781
0.005985
0.004773
0.004804
0.006681
0.004515
0.008728
0.004612
0.004637
0.007036
0.00507
0.005887
0.004878
0.008042
0.007287
0.008299
0.004784
0.005496
0.005083
0.005478
0.005564
0.005782
0.005171
0.005982
0.005834
0.005392
0.006004
0.008821
0.005618
0.006989
0.009898
0.011217
0.009326
0.010191
0.010377
0.010432
0.009422
0.0097
0.009467
0.009824
0.010701
0.009872
0.009934
0.015638
0.009942
0.011088
0.012492
0.010319
0.010363
0.010406
0.010405
0.010656
0.014965
0.010546
0.014943
0.010687
0.011523
0.017876
0.017625
0.011499
0.011282
0.013357
0.016736
0.012402
0.011068
0.017801
0.016418
0.011072
0.010975
0.012573
0.012676
0.011351
0.011273
0.017555
0.011371
0.01155
0.011501
0.013067
0.013135
0.019477
0.013
0.013192
0.013312
0.011765
0.017803
0.011724
0.011838
0.018153
0.015507
0.012018
0.015372
0.011916
0.013739
0.012195
0.013681
0.012191
0.012244
0.015742
0.015984
0.016099
0.019262
0.012427
0.018848
0.025474
0.019027
0.022379
0.022404
0.02327
0.036422
0.021327
0.022556
0.024774
0.027817
0.022943
0.022805
0.024892
0.021503
0.023768
0.025559
0.022022
0.038127
0.021754
0.025881
0.021767
0.023618
0.038541
0.022388
0.022305
0.024302
0.02377
0.024785
0.022455
0.024138
0.022585
0.024238
0.02412
0.023918
0.024326
0.026458
0.023392
0.02942
0.022973
0.02463
0.02517
0.023316
0.023381
0.023588
0.025725
0.023389
0.025161
0.024944
0.026155
0.02601
0.025321
0.02579
0.023971
0.024497
0.024609
0.025976
0.051295
0.051057
0.024317
0.026178
0.024809
0.026365
0.026696
0.02856
0.037175
0.025265
0.026088
0.025198
0.042899
0.037326
0.028747
0.032208
0.025498
0.026565
0.026891
0.029432
0.038425
0.027302
0.027885
0.02834
0.032925
0.027233
0.026102
0.029506
0.02767
0.026217
0.028422
0.028167
0.027795
0.030066
0.028628
0.040764
0.02661
0.026957
0.02873
0.026908
0.028871
0.045862
0.027222
0.026777
0.031389
0.026993
0.031543
0.042959
0.028967
0.029085
0.032008
0.029276
0.030038
0.0296
0.030461
0.032284
0.02784
0.035729
0.030412
0.030341
0.029129
0.029307
0.029559
0.027411
0.029687
0.027811
0.029635
0.027689
0.029836
0.030855
0.031023
0.030771
0.033154
0.032802
0.029875
0.028075
0.030301
0.03001
0.02835
0.029687
0.028419
0.030359
0.03032
0.049093
0.04982
0.049355
0.049044
0.049802
0.046999
0.047135
0.046815
0.05442
0.049406
0.046993
0.073024
0.052953
0.047556
0.054966
0.050054
0.053869
0.049732
0.06547
0.047887
0.054463
0.05439
0.04799
0.054914
0.054485
0.048118
0.05078
0.048177
0.048285
0.050406
0.055157
0.048253
0.056373
0.04774
0.076451
0.050772
0.049049
0.048227
0.051312
0.048357
0.069856
0.048776
0.048518
0.051529
0.04914
0.051116
0.074227
0.055465
0.0556
0.074493
0.055356
0.055677
0.051776
0.079381
0.050129
0.057531
0.051606
0.052092
0.052012
0.055994
0.049689
0.052061
0.050145
0.056071
0.057001
0.056959
0.050047
0.056808
0.049792
0.053317
0.05263
0.058217
0.049829
0.086445
0.05279
0.058507
0.05831
0.071302
0.053328
0.059009
0.055316
0.057999
0.057487
0.058287
0.053099
0.057756
0.051047
0.058584
0.058479
0.053552
0.071518
0.059026
0.05063
0.058171
0.050884
0.073476
0.053877
0.051398
0.051502
0.083687
0.058345
0.0513
0.052019
0.07227
0.05165
0.054556
0.051719
0.051509
0.051661
0.05835
0.052061
0.072719
0.058672
0.052525
0.055236
0.072402
0.059165
0.059149
0.052897
0.058841
0.053148
0.055567
0.059349
0.055229
0.055659
0.053103
0.059442
0.060264
0.060034
0.056101
0.05587
0.075109
0.055681
0.055802
0.056564
0.074532
0.055453
0.060573
0.056362
0.062222
0.053719
0.053914
0.061117
0.060831
0.060774
0.060809
0.053982
0.0575
0.07563
0.054041
0.061236
0.05721
0.05481
0.062882
0.058708
0.063222
0.091346
0.062185
0.062016
0.0568
0.054247
0.061789
0.054808
0.05567
0.075767
0.057595
0.05856
0.063898
0.058774
0.089278
0.063378
0.078164
0.062579
0.091918
0.076676
0.058792
0.062775
0.083497
0.058404
0.058819
0.062942
0.058953
0.062827
0.062704
0.059487
0.056294
0.056445
0.056597
0.063605
0.056707
0.090954
0.079841
0.063168
0.059127
0.063481
0.055736
0.063043
0.056813
0.065617
0.063602
0.060267
0.059616
0.085622
0.063946
0.078995
0.060363
0.057181
0.080696
0.094673
0.064091
0.078926
0.066474
0.057877
0.057577
0.092655
0.057679
0.057976
0.057771
0.05806
0.065332
0.061089
0.065842
0.058738
0.080198
0.066851
0.05845
0.058531
0.058889
0.061448
0.061737
0.05952
0.059705
0.061993
0.059442
0.062196
0.0809
0.067332
0.060438
0.06232
0.062904
0.082069
0.068049
0.068567
0.068088
0.06256
0.067079
0.067443
0.063156
0.059918
0.060355
0.063109
0.082044
0.067667
0.063419
0.060427
0.103238
0.104749
0.100941
0.087145
0.088897
0.104328
0.104623
0.088275
0.087901
0.094593
0.095226
0.090032
0.090465
0.096164
0.089117
0.087889
0.089912
0.088426
0.105705
0.088733
0.088796
0.08913
0.088773
0.08948
0.088071
0.107857
0.097793
0.091226
0.088958
0.108177
0.090559
0.215561
0.089667
0.089307
0.10253
0.093201
0.104298
0.121975
0.132502
0.092149
0.098076
0.090912
0.130715
0.090712
0.091644
0.09127
0.10435
0.09084
0.103962
0.093468
0.10529
0.091901
0.091895
0.091079
0.091873
0.104672
0.094506
0.124211
0.125281
0.092519
0.092586
0.094779
0.105947
0.100021
0.093095
0.092759
0.095153
0.105505
0.093807
0.09319
0.093872
0.110244
0.106995
0.095883
0.096437
0.133081
0.106686
0.094411
0.096264
0.094269
0.097163
0.107815
0.096164
0.133369
0.116726
0.112482
0.094933
0.127337
0.094344
0.112543
0.09473
0.095564
0.095515
0.094498
0.103916
0.105217
0.097024
0.095059
0.09475
0.094971
0.094721
0.095138
0.095461
0.109677
0.109896
0.103877
0.094148
0.095094
0.138955
0.096526
0.095852
0.095589
0.115929
0.095218
0.095295
0.096342
0.13062
0.105469
0.095345
0.09773
0.105364
0.098425
0.094825
0.096093
0.115887
0.13275
0.117733
0.09596
0.131752
0.096533
0.139651
0.095932
0.119884
0.105032
0.096075
0.113095
0.095699
0.098642
0.139942
0.097351
0.096267
0.098724
0.142766
0.096748
0.098168
0.096099
0.098117
0.099017
0.096775
0.119022
0.117572
0.096743
0.099615
0.1346
0.096709
0.096733
0.098873
0.099856
0.105912
0.097287
0.119028
0.09739
0.09779
0.09897
0.105918
0.096746
0.09744
0.097149
0.106473
0.097638
0.096999
0.096818
0.11905
0.097411
0.12167
0.097596
0.097003
0.097615
0.097681
0.119054
0.108504
0.098377
0.099687
0.099796
0.09804
0.100923
0.09997
0.136968
0.098029
0.098081
0.098333
0.107808
0.098326
0.09814
0.107855
0.108188
0.098195
0.120184
0.098831
0.098809
0.100728
0.120445
0.09841
0.098277
0.098199
0.122405
0.098164
0.098839
0.098507
0.101062
0.098957
0.107233
0.099418
0.107167
0.12025
0.099237
0.137027
0.099131
0.100166
0.116118
0.099372
0.101086
0.099591
0.099272
0.099556
0.099154
0.121398
0.116622
0.122684
0.108872
0.099823
0.099221
0.116213
0.099423
0.121226
0.102753
0.101048
0.103582
0.121003
0.102151
0.102151
0.100024
0.100181
0.108683
0.09993
0.101867
0.125067
0.10066
0.116382
0.166909
0.100726
0.100997
0.124205
0.103911
0.100032
0.10076
0.102865
0.100681
0.100739
0.100306
0.100222
0.109765
0.110142
0.101017
0.12195
0.101309
0.100536
0.148883
0.100715
0.101481
0.100434
0.117884
0.118004
0.103646
0.101373
0.100258
0.100786
0.101526
0.111118
0.101435
0.103396
0.111557
0.101417
0.127254
0.10156
0.101741
0.101316
0.123484
0.102095
0.101806
0.105004
0.111482
0.102639
0.103687
0.123093
0.101664
0.10427
0.111675
0.10215
0.121256
0.102747
0.15129
0.103141
0.105637
0.101793
0.102117
0.103128
0.103599
0.124901
0.120323
0.13055
0.102621
0.113164
0.102711
0.124895
0.10272
0.10277
0.103323
0.170755
0.105794
0.128772
0.127268
0.106309
0.106372
0.103909
0.124595
0.103807
0.119774
0.107675
0.105892
0.125348
0.103777
0.112776
0.120796
0.104432
0.105799
0.10348
0.103493
0.126435
0.113496
0.107158
0.104078
0.105686
0.104253
0.107143
0.107126
0.104176
0.120524
0.107021
0.104855
0.107492
0.113944
0.125134
0.144524
0.104579
0.105038
0.104177
0.130479
0.156428
0.105159
0.106614
0.104907
0.12336
0.106095
0.105348
0.153494
0.114488
0.105333
0.122468
0.122003
0.10654
0.105489
0.107145
0.129735
0.105116
0.108771
0.11573
0.153931
0.108525
0.123568
0.115917
0.105971
0.108564
0.128784
0.122185
0.128325
0.106321
0.123802
0.173373
0.10625
0.107339
0.107008
0.10699
0.10701
0.105819
0.106798
0.123283
0.124287
0.130071
0.105928
0.107062
0.131589
0.107346
0.108448
0.107059
0.110139
0.108984
0.107198
0.107073
0.123085
0.116631
0.10729
0.115091
0.123608
0.115796
0.129052
0.106261
0.123188
0.108084
0.110196
0.107804
0.107438
0.130326
0.130612
0.108076
0.11708
0.107214
0.125286
0.111129
0.156766
0.198808
0.108612
0.108331
0.133113
0.107988
0.118367