0.000010
0.008732
0.009452
0.003469
0.003644
0.014830
0.003648
0.010796
0.004147
0.004105
0.011226
0.011882
0.011205
0.004021
0.004001
0.017804
0.012416
0.011121
0.004453
0.012307
0.012633
0.012504
0.004223
0.004540
0.004569
0.012697
0.011995
0.004309
0.012391
0.013798
0.004761
0.004430
0.004407
0.012996
0.013992
0.017767
0.012481
0.004413
0.020232
0.004255
0.019321
0.012564
0.013208
0.004265
0.012816
0.013365
0.004379
0.014025
0.019255
0.004714
0.012698
0.005407
0.021798
0.014903
0.005604
0.015865
0.017107
0.004923
0.005272
0.015123
0.004873
0.026339
0.083768
0.024487
0.026011
0.090398
0.025404
0.026098
0.024549
0.075592
0.078761
0.173723
0.163812
0.057977
0.058438
0.162281
0.059360
0.164384
0.166544
0.056204
0.165252
0.108566
0.112766
0.114209
0.513068
0.334525
0.109705
0.346633
0.111753
0.113229
0.527432
0.173293
0.783448
0.175313
0.523152
0.183666
0.172513
0.517106
0.197705
0.208493
0.708871
1.778501
1.088774
1.636088
1.017142
1.043050
1.019985
0.326824
0.331816
0.342555
0.333937
2.150212
0.458924
1.359198
0.468496
0.450134
0.458639
1.428383
0.459401
2.162953
0.465205
1.962372
0.624954
1.966694
2.072391
1.984785
3.152986
1.939927
0.622374
3.099085
0.616326
0.798573
11.177884
0.791616
3.954269
4.001628
0.779025
0.772681
2.548885
0.785437
2.501671
1.039419
3.342387
5.290341
5.519185
1.038240
3.376739
3.329232
3.329177
3.433305
15.218855
